129
131
150
144
178
183
1000170
1000029
139
121
148
128
150
129
194
111
134
167
126
130
162
181
152
173
130
171
117
131
128
168
162
104
199
189
1000384
1000173
167
160
135
146
161
103
124
140
188
114
181
114
129
157
179
162
152
195
134
148
125
154
166
124
182
168
178
125
107
167
119
134
130
189
121
122
194
105
160
109
197
142
113
129
176
138
176
133
116
164
108
151
191
135
195
178
126
137
138
178
183
105
181
181
125
125
101
130
100
166
131
151
118
191
174
147
131
100
174
145
148
137
174
199
135
101
109
147
189
186
191
173
108
124
166
186
120
175
145
149
122
111
169
145
168
114
111
193
179
119
192
112
178
193
121
183
112
198
148
103
164
112
113
152
191
156
132
121
127
161
186
174
119
131
163
113
100
160
179
181
178
186
185
188
174
167
158
119
136
193
192
148
142
197
118
162
196
153
132
112
153
100
113
167
141
196
